{
 "cells": [
  {
   "cell_type": "code",
   "execution_count": 1,
   "metadata": {
    "collapsed": true
   },
   "outputs": [],
   "source": [
    "import pandas as pd"
   ]
  },
  {
   "cell_type": "code",
   "execution_count": 3,
   "metadata": {},
   "outputs": [],
   "source": [
    "dfs = []\n",
    "for i in range(2, 24):\n",
    "    path = \"outputs/submission_bert_1024_seqlen256-L{}.csv\".format(i)\n",
    "    df = pd.read_csv(path)\n",
    "    dfs.append(df)"
   ]
  },
  {
   "cell_type": "code",
   "execution_count": 8,
   "metadata": {},
   "outputs": [],
   "source": [
    "dfs_a = [v['A'].values for v in dfs]"
   ]
  },
  {
   "cell_type": "code",
   "execution_count": 11,
   "metadata": {},
   "outputs": [],
   "source": [
    "cor_a = pd.DataFrame(dfs_a)"
   ]
  },
  {
   "cell_type": "code",
   "execution_count": 14,
   "metadata": {},
   "outputs": [
    {
     "data": {
      "text/html": [
       "<div>\n",
       "<style>\n",
       "    .dataframe thead tr:only-child th {\n",
       "        text-align: right;\n",
       "    }\n",
       "\n",
       "    .dataframe thead th {\n",
       "        text-align: left;\n",
       "    }\n",
       "\n",
       "    .dataframe tbody tr th {\n",
       "        vertical-align: top;\n",
       "    }\n",
       "</style>\n",
       "<table border=\"1\" class=\"dataframe\">\n",
       "  <thead>\n",
       "    <tr style=\"text-align: right;\">\n",
       "      <th></th>\n",
       "      <th>0</th>\n",
       "      <th>1</th>\n",
       "      <th>2</th>\n",
       "      <th>3</th>\n",
       "      <th>4</th>\n",
       "      <th>5</th>\n",
       "      <th>6</th>\n",
       "      <th>7</th>\n",
       "      <th>8</th>\n",
       "      <th>9</th>\n",
       "      <th>...</th>\n",
       "      <th>12</th>\n",
       "      <th>13</th>\n",
       "      <th>14</th>\n",
       "      <th>15</th>\n",
       "      <th>16</th>\n",
       "      <th>17</th>\n",
       "      <th>18</th>\n",
       "      <th>19</th>\n",
       "      <th>20</th>\n",
       "      <th>21</th>\n",
       "    </tr>\n",
       "  </thead>\n",
       "  <tbody>\n",
       "    <tr>\n",
       "      <th>0</th>\n",
       "      <td>1.000000</td>\n",
       "      <td>0.923646</td>\n",
       "      <td>0.885892</td>\n",
       "      <td>0.867112</td>\n",
       "      <td>0.835729</td>\n",
       "      <td>0.824951</td>\n",
       "      <td>0.798805</td>\n",
       "      <td>0.744434</td>\n",
       "      <td>0.718495</td>\n",
       "      <td>0.685191</td>\n",
       "      <td>...</td>\n",
       "      <td>0.605128</td>\n",
       "      <td>0.573960</td>\n",
       "      <td>0.548435</td>\n",
       "      <td>0.538355</td>\n",
       "      <td>0.536032</td>\n",
       "      <td>0.534980</td>\n",
       "      <td>0.546539</td>\n",
       "      <td>0.554592</td>\n",
       "      <td>0.569081</td>\n",
       "      <td>0.589987</td>\n",
       "    </tr>\n",
       "    <tr>\n",
       "      <th>1</th>\n",
       "      <td>0.923646</td>\n",
       "      <td>1.000000</td>\n",
       "      <td>0.962450</td>\n",
       "      <td>0.945840</td>\n",
       "      <td>0.916277</td>\n",
       "      <td>0.902195</td>\n",
       "      <td>0.885451</td>\n",
       "      <td>0.855133</td>\n",
       "      <td>0.822509</td>\n",
       "      <td>0.791845</td>\n",
       "      <td>...</td>\n",
       "      <td>0.710326</td>\n",
       "      <td>0.678500</td>\n",
       "      <td>0.649200</td>\n",
       "      <td>0.637136</td>\n",
       "      <td>0.635883</td>\n",
       "      <td>0.631329</td>\n",
       "      <td>0.643730</td>\n",
       "      <td>0.647428</td>\n",
       "      <td>0.661142</td>\n",
       "      <td>0.682335</td>\n",
       "    </tr>\n",
       "    <tr>\n",
       "      <th>2</th>\n",
       "      <td>0.885892</td>\n",
       "      <td>0.962450</td>\n",
       "      <td>1.000000</td>\n",
       "      <td>0.973597</td>\n",
       "      <td>0.942748</td>\n",
       "      <td>0.925784</td>\n",
       "      <td>0.915086</td>\n",
       "      <td>0.886974</td>\n",
       "      <td>0.861167</td>\n",
       "      <td>0.828617</td>\n",
       "      <td>...</td>\n",
       "      <td>0.744034</td>\n",
       "      <td>0.710453</td>\n",
       "      <td>0.680429</td>\n",
       "      <td>0.668213</td>\n",
       "      <td>0.666568</td>\n",
       "      <td>0.661670</td>\n",
       "      <td>0.675426</td>\n",
       "      <td>0.677441</td>\n",
       "      <td>0.690438</td>\n",
       "      <td>0.709942</td>\n",
       "    </tr>\n",
       "    <tr>\n",
       "      <th>3</th>\n",
       "      <td>0.867112</td>\n",
       "      <td>0.945840</td>\n",
       "      <td>0.973597</td>\n",
       "      <td>1.000000</td>\n",
       "      <td>0.954159</td>\n",
       "      <td>0.936868</td>\n",
       "      <td>0.924764</td>\n",
       "      <td>0.891812</td>\n",
       "      <td>0.860742</td>\n",
       "      <td>0.827621</td>\n",
       "      <td>...</td>\n",
       "      <td>0.741063</td>\n",
       "      <td>0.706353</td>\n",
       "      <td>0.676797</td>\n",
       "      <td>0.663520</td>\n",
       "      <td>0.662452</td>\n",
       "      <td>0.658020</td>\n",
       "      <td>0.672405</td>\n",
       "      <td>0.675389</td>\n",
       "      <td>0.689298</td>\n",
       "      <td>0.710639</td>\n",
       "    </tr>\n",
       "    <tr>\n",
       "      <th>4</th>\n",
       "      <td>0.835729</td>\n",
       "      <td>0.916277</td>\n",
       "      <td>0.942748</td>\n",
       "      <td>0.954159</td>\n",
       "      <td>1.000000</td>\n",
       "      <td>0.978235</td>\n",
       "      <td>0.957609</td>\n",
       "      <td>0.921971</td>\n",
       "      <td>0.886412</td>\n",
       "      <td>0.859096</td>\n",
       "      <td>...</td>\n",
       "      <td>0.768734</td>\n",
       "      <td>0.735513</td>\n",
       "      <td>0.703131</td>\n",
       "      <td>0.688945</td>\n",
       "      <td>0.687649</td>\n",
       "      <td>0.683594</td>\n",
       "      <td>0.700555</td>\n",
       "      <td>0.704710</td>\n",
       "      <td>0.719528</td>\n",
       "      <td>0.741543</td>\n",
       "    </tr>\n",
       "    <tr>\n",
       "      <th>5</th>\n",
       "      <td>0.824951</td>\n",
       "      <td>0.902195</td>\n",
       "      <td>0.925784</td>\n",
       "      <td>0.936868</td>\n",
       "      <td>0.978235</td>\n",
       "      <td>1.000000</td>\n",
       "      <td>0.969554</td>\n",
       "      <td>0.923956</td>\n",
       "      <td>0.883811</td>\n",
       "      <td>0.854784</td>\n",
       "      <td>...</td>\n",
       "      <td>0.762545</td>\n",
       "      <td>0.729603</td>\n",
       "      <td>0.697662</td>\n",
       "      <td>0.684782</td>\n",
       "      <td>0.685370</td>\n",
       "      <td>0.680964</td>\n",
       "      <td>0.699568</td>\n",
       "      <td>0.706000</td>\n",
       "      <td>0.721553</td>\n",
       "      <td>0.744363</td>\n",
       "    </tr>\n",
       "    <tr>\n",
       "      <th>6</th>\n",
       "      <td>0.798805</td>\n",
       "      <td>0.885451</td>\n",
       "      <td>0.915086</td>\n",
       "      <td>0.924764</td>\n",
       "      <td>0.957609</td>\n",
       "      <td>0.969554</td>\n",
       "      <td>1.000000</td>\n",
       "      <td>0.953595</td>\n",
       "      <td>0.913841</td>\n",
       "      <td>0.884695</td>\n",
       "      <td>...</td>\n",
       "      <td>0.795915</td>\n",
       "      <td>0.760858</td>\n",
       "      <td>0.730179</td>\n",
       "      <td>0.715300</td>\n",
       "      <td>0.715292</td>\n",
       "      <td>0.709581</td>\n",
       "      <td>0.728406</td>\n",
       "      <td>0.734191</td>\n",
       "      <td>0.748136</td>\n",
       "      <td>0.768949</td>\n",
       "    </tr>\n",
       "    <tr>\n",
       "      <th>7</th>\n",
       "      <td>0.744434</td>\n",
       "      <td>0.855133</td>\n",
       "      <td>0.886974</td>\n",
       "      <td>0.891812</td>\n",
       "      <td>0.921971</td>\n",
       "      <td>0.923956</td>\n",
       "      <td>0.953595</td>\n",
       "      <td>1.000000</td>\n",
       "      <td>0.964873</td>\n",
       "      <td>0.937977</td>\n",
       "      <td>...</td>\n",
       "      <td>0.849438</td>\n",
       "      <td>0.812481</td>\n",
       "      <td>0.778902</td>\n",
       "      <td>0.761911</td>\n",
       "      <td>0.762257</td>\n",
       "      <td>0.755652</td>\n",
       "      <td>0.773045</td>\n",
       "      <td>0.776157</td>\n",
       "      <td>0.787451</td>\n",
       "      <td>0.804768</td>\n",
       "    </tr>\n",
       "    <tr>\n",
       "      <th>8</th>\n",
       "      <td>0.718495</td>\n",
       "      <td>0.822509</td>\n",
       "      <td>0.861167</td>\n",
       "      <td>0.860742</td>\n",
       "      <td>0.886412</td>\n",
       "      <td>0.883811</td>\n",
       "      <td>0.913841</td>\n",
       "      <td>0.964873</td>\n",
       "      <td>1.000000</td>\n",
       "      <td>0.971326</td>\n",
       "      <td>...</td>\n",
       "      <td>0.894363</td>\n",
       "      <td>0.856424</td>\n",
       "      <td>0.821117</td>\n",
       "      <td>0.805327</td>\n",
       "      <td>0.803389</td>\n",
       "      <td>0.795731</td>\n",
       "      <td>0.810121</td>\n",
       "      <td>0.809296</td>\n",
       "      <td>0.817655</td>\n",
       "      <td>0.830409</td>\n",
       "    </tr>\n",
       "    <tr>\n",
       "      <th>9</th>\n",
       "      <td>0.685191</td>\n",
       "      <td>0.791845</td>\n",
       "      <td>0.828617</td>\n",
       "      <td>0.827621</td>\n",
       "      <td>0.859096</td>\n",
       "      <td>0.854784</td>\n",
       "      <td>0.884695</td>\n",
       "      <td>0.937977</td>\n",
       "      <td>0.971326</td>\n",
       "      <td>1.000000</td>\n",
       "      <td>...</td>\n",
       "      <td>0.914117</td>\n",
       "      <td>0.882621</td>\n",
       "      <td>0.846936</td>\n",
       "      <td>0.833202</td>\n",
       "      <td>0.830659</td>\n",
       "      <td>0.822572</td>\n",
       "      <td>0.835650</td>\n",
       "      <td>0.835305</td>\n",
       "      <td>0.841943</td>\n",
       "      <td>0.852829</td>\n",
       "    </tr>\n",
       "    <tr>\n",
       "      <th>10</th>\n",
       "      <td>0.666073</td>\n",
       "      <td>0.773416</td>\n",
       "      <td>0.807330</td>\n",
       "      <td>0.804831</td>\n",
       "      <td>0.833350</td>\n",
       "      <td>0.827427</td>\n",
       "      <td>0.857983</td>\n",
       "      <td>0.911926</td>\n",
       "      <td>0.954004</td>\n",
       "      <td>0.974019</td>\n",
       "      <td>...</td>\n",
       "      <td>0.940787</td>\n",
       "      <td>0.906792</td>\n",
       "      <td>0.871277</td>\n",
       "      <td>0.854867</td>\n",
       "      <td>0.851060</td>\n",
       "      <td>0.843036</td>\n",
       "      <td>0.854782</td>\n",
       "      <td>0.852764</td>\n",
       "      <td>0.857443</td>\n",
       "      <td>0.866488</td>\n",
       "    </tr>\n",
       "    <tr>\n",
       "      <th>11</th>\n",
       "      <td>0.633684</td>\n",
       "      <td>0.742193</td>\n",
       "      <td>0.776927</td>\n",
       "      <td>0.772717</td>\n",
       "      <td>0.798150</td>\n",
       "      <td>0.791043</td>\n",
       "      <td>0.825856</td>\n",
       "      <td>0.880313</td>\n",
       "      <td>0.923638</td>\n",
       "      <td>0.944751</td>\n",
       "      <td>...</td>\n",
       "      <td>0.973404</td>\n",
       "      <td>0.942934</td>\n",
       "      <td>0.912453</td>\n",
       "      <td>0.895796</td>\n",
       "      <td>0.891289</td>\n",
       "      <td>0.882539</td>\n",
       "      <td>0.888257</td>\n",
       "      <td>0.881479</td>\n",
       "      <td>0.880845</td>\n",
       "      <td>0.885148</td>\n",
       "    </tr>\n",
       "    <tr>\n",
       "      <th>12</th>\n",
       "      <td>0.605128</td>\n",
       "      <td>0.710326</td>\n",
       "      <td>0.744034</td>\n",
       "      <td>0.741063</td>\n",
       "      <td>0.768734</td>\n",
       "      <td>0.762545</td>\n",
       "      <td>0.795915</td>\n",
       "      <td>0.849438</td>\n",
       "      <td>0.894363</td>\n",
       "      <td>0.914117</td>\n",
       "      <td>...</td>\n",
       "      <td>1.000000</td>\n",
       "      <td>0.973919</td>\n",
       "      <td>0.949273</td>\n",
       "      <td>0.931767</td>\n",
       "      <td>0.927347</td>\n",
       "      <td>0.918205</td>\n",
       "      <td>0.920114</td>\n",
       "      <td>0.912091</td>\n",
       "      <td>0.908501</td>\n",
       "      <td>0.907758</td>\n",
       "    </tr>\n",
       "    <tr>\n",
       "      <th>13</th>\n",
       "      <td>0.573960</td>\n",
       "      <td>0.678500</td>\n",
       "      <td>0.710453</td>\n",
       "      <td>0.706353</td>\n",
       "      <td>0.735513</td>\n",
       "      <td>0.729603</td>\n",
       "      <td>0.760858</td>\n",
       "      <td>0.812481</td>\n",
       "      <td>0.856424</td>\n",
       "      <td>0.882621</td>\n",
       "      <td>...</td>\n",
       "      <td>0.973919</td>\n",
       "      <td>1.000000</td>\n",
       "      <td>0.976974</td>\n",
       "      <td>0.964741</td>\n",
       "      <td>0.958734</td>\n",
       "      <td>0.949294</td>\n",
       "      <td>0.945927</td>\n",
       "      <td>0.937388</td>\n",
       "      <td>0.929337</td>\n",
       "      <td>0.922992</td>\n",
       "    </tr>\n",
       "    <tr>\n",
       "      <th>14</th>\n",
       "      <td>0.548435</td>\n",
       "      <td>0.649200</td>\n",
       "      <td>0.680429</td>\n",
       "      <td>0.676797</td>\n",
       "      <td>0.703131</td>\n",
       "      <td>0.697662</td>\n",
       "      <td>0.730179</td>\n",
       "      <td>0.778902</td>\n",
       "      <td>0.821117</td>\n",
       "      <td>0.846936</td>\n",
       "      <td>...</td>\n",
       "      <td>0.949273</td>\n",
       "      <td>0.976974</td>\n",
       "      <td>1.000000</td>\n",
       "      <td>0.986288</td>\n",
       "      <td>0.980051</td>\n",
       "      <td>0.971699</td>\n",
       "      <td>0.963653</td>\n",
       "      <td>0.954007</td>\n",
       "      <td>0.942193</td>\n",
       "      <td>0.930746</td>\n",
       "    </tr>\n",
       "    <tr>\n",
       "      <th>15</th>\n",
       "      <td>0.538355</td>\n",
       "      <td>0.637136</td>\n",
       "      <td>0.668213</td>\n",
       "      <td>0.663520</td>\n",
       "      <td>0.688945</td>\n",
       "      <td>0.684782</td>\n",
       "      <td>0.715300</td>\n",
       "      <td>0.761911</td>\n",
       "      <td>0.805327</td>\n",
       "      <td>0.833202</td>\n",
       "      <td>...</td>\n",
       "      <td>0.931767</td>\n",
       "      <td>0.964741</td>\n",
       "      <td>0.986288</td>\n",
       "      <td>1.000000</td>\n",
       "      <td>0.992122</td>\n",
       "      <td>0.985141</td>\n",
       "      <td>0.975181</td>\n",
       "      <td>0.964370</td>\n",
       "      <td>0.951527</td>\n",
       "      <td>0.938098</td>\n",
       "    </tr>\n",
       "    <tr>\n",
       "      <th>16</th>\n",
       "      <td>0.536032</td>\n",
       "      <td>0.635883</td>\n",
       "      <td>0.666568</td>\n",
       "      <td>0.662452</td>\n",
       "      <td>0.687649</td>\n",
       "      <td>0.685370</td>\n",
       "      <td>0.715292</td>\n",
       "      <td>0.762257</td>\n",
       "      <td>0.803389</td>\n",
       "      <td>0.830659</td>\n",
       "      <td>...</td>\n",
       "      <td>0.927347</td>\n",
       "      <td>0.958734</td>\n",
       "      <td>0.980051</td>\n",
       "      <td>0.992122</td>\n",
       "      <td>1.000000</td>\n",
       "      <td>0.992004</td>\n",
       "      <td>0.981521</td>\n",
       "      <td>0.970332</td>\n",
       "      <td>0.957590</td>\n",
       "      <td>0.943885</td>\n",
       "    </tr>\n",
       "    <tr>\n",
       "      <th>17</th>\n",
       "      <td>0.534980</td>\n",
       "      <td>0.631329</td>\n",
       "      <td>0.661670</td>\n",
       "      <td>0.658020</td>\n",
       "      <td>0.683594</td>\n",
       "      <td>0.680964</td>\n",
       "      <td>0.709581</td>\n",
       "      <td>0.755652</td>\n",
       "      <td>0.795731</td>\n",
       "      <td>0.822572</td>\n",
       "      <td>...</td>\n",
       "      <td>0.918205</td>\n",
       "      <td>0.949294</td>\n",
       "      <td>0.971699</td>\n",
       "      <td>0.985141</td>\n",
       "      <td>0.992004</td>\n",
       "      <td>1.000000</td>\n",
       "      <td>0.988587</td>\n",
       "      <td>0.977972</td>\n",
       "      <td>0.964488</td>\n",
       "      <td>0.949394</td>\n",
       "    </tr>\n",
       "    <tr>\n",
       "      <th>18</th>\n",
       "      <td>0.546539</td>\n",
       "      <td>0.643730</td>\n",
       "      <td>0.675426</td>\n",
       "      <td>0.672405</td>\n",
       "      <td>0.700555</td>\n",
       "      <td>0.699568</td>\n",
       "      <td>0.728406</td>\n",
       "      <td>0.773045</td>\n",
       "      <td>0.810121</td>\n",
       "      <td>0.835650</td>\n",
       "      <td>...</td>\n",
       "      <td>0.920114</td>\n",
       "      <td>0.945927</td>\n",
       "      <td>0.963653</td>\n",
       "      <td>0.975181</td>\n",
       "      <td>0.981521</td>\n",
       "      <td>0.988587</td>\n",
       "      <td>1.000000</td>\n",
       "      <td>0.991779</td>\n",
       "      <td>0.981176</td>\n",
       "      <td>0.967210</td>\n",
       "    </tr>\n",
       "    <tr>\n",
       "      <th>19</th>\n",
       "      <td>0.554592</td>\n",
       "      <td>0.647428</td>\n",
       "      <td>0.677441</td>\n",
       "      <td>0.675389</td>\n",
       "      <td>0.704710</td>\n",
       "      <td>0.706000</td>\n",
       "      <td>0.734191</td>\n",
       "      <td>0.776157</td>\n",
       "      <td>0.809296</td>\n",
       "      <td>0.835305</td>\n",
       "      <td>...</td>\n",
       "      <td>0.912091</td>\n",
       "      <td>0.937388</td>\n",
       "      <td>0.954007</td>\n",
       "      <td>0.964370</td>\n",
       "      <td>0.970332</td>\n",
       "      <td>0.977972</td>\n",
       "      <td>0.991779</td>\n",
       "      <td>1.000000</td>\n",
       "      <td>0.990024</td>\n",
       "      <td>0.977689</td>\n",
       "    </tr>\n",
       "    <tr>\n",
       "      <th>20</th>\n",
       "      <td>0.569081</td>\n",
       "      <td>0.661142</td>\n",
       "      <td>0.690438</td>\n",
       "      <td>0.689298</td>\n",
       "      <td>0.719528</td>\n",
       "      <td>0.721553</td>\n",
       "      <td>0.748136</td>\n",
       "      <td>0.787451</td>\n",
       "      <td>0.817655</td>\n",
       "      <td>0.841943</td>\n",
       "      <td>...</td>\n",
       "      <td>0.908501</td>\n",
       "      <td>0.929337</td>\n",
       "      <td>0.942193</td>\n",
       "      <td>0.951527</td>\n",
       "      <td>0.957590</td>\n",
       "      <td>0.964488</td>\n",
       "      <td>0.981176</td>\n",
       "      <td>0.990024</td>\n",
       "      <td>1.000000</td>\n",
       "      <td>0.988166</td>\n",
       "    </tr>\n",
       "    <tr>\n",
       "      <th>21</th>\n",
       "      <td>0.589987</td>\n",
       "      <td>0.682335</td>\n",
       "      <td>0.709942</td>\n",
       "      <td>0.710639</td>\n",
       "      <td>0.741543</td>\n",
       "      <td>0.744363</td>\n",
       "      <td>0.768949</td>\n",
       "      <td>0.804768</td>\n",
       "      <td>0.830409</td>\n",
       "      <td>0.852829</td>\n",
       "      <td>...</td>\n",
       "      <td>0.907758</td>\n",
       "      <td>0.922992</td>\n",
       "      <td>0.930746</td>\n",
       "      <td>0.938098</td>\n",
       "      <td>0.943885</td>\n",
       "      <td>0.949394</td>\n",
       "      <td>0.967210</td>\n",
       "      <td>0.977689</td>\n",
       "      <td>0.988166</td>\n",
       "      <td>1.000000</td>\n",
       "    </tr>\n",
       "  </tbody>\n",
       "</table>\n",
       "<p>22 rows × 22 columns</p>\n",
       "</div>"
      ],
      "text/plain": [
       "          0         1         2         3         4         5         6   \\\n",
       "0   1.000000  0.923646  0.885892  0.867112  0.835729  0.824951  0.798805   \n",
       "1   0.923646  1.000000  0.962450  0.945840  0.916277  0.902195  0.885451   \n",
       "2   0.885892  0.962450  1.000000  0.973597  0.942748  0.925784  0.915086   \n",
       "3   0.867112  0.945840  0.973597  1.000000  0.954159  0.936868  0.924764   \n",
       "4   0.835729  0.916277  0.942748  0.954159  1.000000  0.978235  0.957609   \n",
       "5   0.824951  0.902195  0.925784  0.936868  0.978235  1.000000  0.969554   \n",
       "6   0.798805  0.885451  0.915086  0.924764  0.957609  0.969554  1.000000   \n",
       "7   0.744434  0.855133  0.886974  0.891812  0.921971  0.923956  0.953595   \n",
       "8   0.718495  0.822509  0.861167  0.860742  0.886412  0.883811  0.913841   \n",
       "9   0.685191  0.791845  0.828617  0.827621  0.859096  0.854784  0.884695   \n",
       "10  0.666073  0.773416  0.807330  0.804831  0.833350  0.827427  0.857983   \n",
       "11  0.633684  0.742193  0.776927  0.772717  0.798150  0.791043  0.825856   \n",
       "12  0.605128  0.710326  0.744034  0.741063  0.768734  0.762545  0.795915   \n",
       "13  0.573960  0.678500  0.710453  0.706353  0.735513  0.729603  0.760858   \n",
       "14  0.548435  0.649200  0.680429  0.676797  0.703131  0.697662  0.730179   \n",
       "15  0.538355  0.637136  0.668213  0.663520  0.688945  0.684782  0.715300   \n",
       "16  0.536032  0.635883  0.666568  0.662452  0.687649  0.685370  0.715292   \n",
       "17  0.534980  0.631329  0.661670  0.658020  0.683594  0.680964  0.709581   \n",
       "18  0.546539  0.643730  0.675426  0.672405  0.700555  0.699568  0.728406   \n",
       "19  0.554592  0.647428  0.677441  0.675389  0.704710  0.706000  0.734191   \n",
       "20  0.569081  0.661142  0.690438  0.689298  0.719528  0.721553  0.748136   \n",
       "21  0.589987  0.682335  0.709942  0.710639  0.741543  0.744363  0.768949   \n",
       "\n",
       "          7         8         9     ...           12        13        14  \\\n",
       "0   0.744434  0.718495  0.685191    ...     0.605128  0.573960  0.548435   \n",
       "1   0.855133  0.822509  0.791845    ...     0.710326  0.678500  0.649200   \n",
       "2   0.886974  0.861167  0.828617    ...     0.744034  0.710453  0.680429   \n",
       "3   0.891812  0.860742  0.827621    ...     0.741063  0.706353  0.676797   \n",
       "4   0.921971  0.886412  0.859096    ...     0.768734  0.735513  0.703131   \n",
       "5   0.923956  0.883811  0.854784    ...     0.762545  0.729603  0.697662   \n",
       "6   0.953595  0.913841  0.884695    ...     0.795915  0.760858  0.730179   \n",
       "7   1.000000  0.964873  0.937977    ...     0.849438  0.812481  0.778902   \n",
       "8   0.964873  1.000000  0.971326    ...     0.894363  0.856424  0.821117   \n",
       "9   0.937977  0.971326  1.000000    ...     0.914117  0.882621  0.846936   \n",
       "10  0.911926  0.954004  0.974019    ...     0.940787  0.906792  0.871277   \n",
       "11  0.880313  0.923638  0.944751    ...     0.973404  0.942934  0.912453   \n",
       "12  0.849438  0.894363  0.914117    ...     1.000000  0.973919  0.949273   \n",
       "13  0.812481  0.856424  0.882621    ...     0.973919  1.000000  0.976974   \n",
       "14  0.778902  0.821117  0.846936    ...     0.949273  0.976974  1.000000   \n",
       "15  0.761911  0.805327  0.833202    ...     0.931767  0.964741  0.986288   \n",
       "16  0.762257  0.803389  0.830659    ...     0.927347  0.958734  0.980051   \n",
       "17  0.755652  0.795731  0.822572    ...     0.918205  0.949294  0.971699   \n",
       "18  0.773045  0.810121  0.835650    ...     0.920114  0.945927  0.963653   \n",
       "19  0.776157  0.809296  0.835305    ...     0.912091  0.937388  0.954007   \n",
       "20  0.787451  0.817655  0.841943    ...     0.908501  0.929337  0.942193   \n",
       "21  0.804768  0.830409  0.852829    ...     0.907758  0.922992  0.930746   \n",
       "\n",
       "          15        16        17        18        19        20        21  \n",
       "0   0.538355  0.536032  0.534980  0.546539  0.554592  0.569081  0.589987  \n",
       "1   0.637136  0.635883  0.631329  0.643730  0.647428  0.661142  0.682335  \n",
       "2   0.668213  0.666568  0.661670  0.675426  0.677441  0.690438  0.709942  \n",
       "3   0.663520  0.662452  0.658020  0.672405  0.675389  0.689298  0.710639  \n",
       "4   0.688945  0.687649  0.683594  0.700555  0.704710  0.719528  0.741543  \n",
       "5   0.684782  0.685370  0.680964  0.699568  0.706000  0.721553  0.744363  \n",
       "6   0.715300  0.715292  0.709581  0.728406  0.734191  0.748136  0.768949  \n",
       "7   0.761911  0.762257  0.755652  0.773045  0.776157  0.787451  0.804768  \n",
       "8   0.805327  0.803389  0.795731  0.810121  0.809296  0.817655  0.830409  \n",
       "9   0.833202  0.830659  0.822572  0.835650  0.835305  0.841943  0.852829  \n",
       "10  0.854867  0.851060  0.843036  0.854782  0.852764  0.857443  0.866488  \n",
       "11  0.895796  0.891289  0.882539  0.888257  0.881479  0.880845  0.885148  \n",
       "12  0.931767  0.927347  0.918205  0.920114  0.912091  0.908501  0.907758  \n",
       "13  0.964741  0.958734  0.949294  0.945927  0.937388  0.929337  0.922992  \n",
       "14  0.986288  0.980051  0.971699  0.963653  0.954007  0.942193  0.930746  \n",
       "15  1.000000  0.992122  0.985141  0.975181  0.964370  0.951527  0.938098  \n",
       "16  0.992122  1.000000  0.992004  0.981521  0.970332  0.957590  0.943885  \n",
       "17  0.985141  0.992004  1.000000  0.988587  0.977972  0.964488  0.949394  \n",
       "18  0.975181  0.981521  0.988587  1.000000  0.991779  0.981176  0.967210  \n",
       "19  0.964370  0.970332  0.977972  0.991779  1.000000  0.990024  0.977689  \n",
       "20  0.951527  0.957590  0.964488  0.981176  0.990024  1.000000  0.988166  \n",
       "21  0.938098  0.943885  0.949394  0.967210  0.977689  0.988166  1.000000  \n",
       "\n",
       "[22 rows x 22 columns]"
      ]
     },
     "execution_count": 14,
     "metadata": {},
     "output_type": "execute_result"
    }
   ],
   "source": [
    "cor_a.transpose().corr()"
   ]
  },
  {
   "cell_type": "code",
   "execution_count": 18,
   "metadata": {},
   "outputs": [],
   "source": [
    "import seaborn as sns\n",
    "%matplotlib inline\n",
    "from matplotlib import pyplot as plt\n"
   ]
  },
  {
   "cell_type": "code",
   "execution_count": 26,
   "metadata": {},
   "outputs": [
    {
     "data": {
      "text/plain": [
       "<matplotlib.axes._subplots.AxesSubplot at 0x1c0a0401dd8>"
      ]
     },
     "execution_count": 26,
     "metadata": {},
     "output_type": "execute_result"
    },
    {
     "data": {
